0000000000
1110000000
0000000000
0000000000
0000000000
0000000000
0000000000
0000000000
0000000000
0000000000
0000000000
0000000000
0000000000
0000000000
0000000000
0000000000
0000000000
0000000000
0000000000
0000000000

0000000000
0000000000
1110000000
0000000000
0000000000
0000000000
0000000000
0000000000
0000000000
0000000000
0000000000
0000000000
0000000000
0000000000
0000000000
0000000000
0000000000
0000000000
0000000000
0000000000

0000000000
0000000000
1000000000
0111000000
0000000000
0000000000
0000000000
0000000000
0000000000
0000000000
0000000000
0000000000
0000000000
0000000000
0000000000
0000000000
0000000000
0000000000
0000000000
0000000000

0000000000
0000000000
1000000000
0100000000
0011100000
0000000000
0000000000
0000000000
0000000000
0000000000
0000000000
0000000000
0000000000
0000000000
0000000000
0000000000
0000000000
0000000000
0000000000
0000000000

0000000000
0000000000
1000000000
0100000000
0010000000
0001110000
0000000000
0000000000
0000000000
0000000000
0000000000
0000000000
0000000000
0000000000
0000000000
0000000000
0000000000
0000000000
0000000000
0000000000

0000000000
0000000000
1000000000
0100000000
0010000000
0001100000
0000011100
0000000000
0000000000
0000000000
0000000000
0000000000
0000000000
0000000000
0000000000
0000000000
0000000000
0000000000
0000000000
0000000000

0000000000
0000000000
1000000000
0100000000
0010000000
0001100000
0000011100
0000000000
0000011100
0000000000
0000000000
0000000000
0000000000
0000000000
0000000000
0000000000
0000000000
0000000000
0000000000
0000000000

0000000000
0000000000
1000000000
0100000000
0010000000
0001100000
0000011100
0000000000
0000011100
0000000000
0000011100
0000000000
0000000000
0000000000
0000000000
0000000000
0000000000
0000000000
0000000000
0000000000

0000000000
0000000000
1000000000
0100000000
0010000000
0001100000
0000011100
0000000000
0000011100
0000000000
0000011100
0000000000
0000011100
0000000000
0000000000
0000000000
0000000000
0000000000
0000000000
0000000000

0000000000
0000000000
1000000000
0100000000
0010000000
0001100000
0000011100
0000000000
0000011100
0000000000
0000011100
0000000000
0000000100
0000111000
0000000000
0000000000
0000000000
0000000000
0000000000
0000000000

0000000000
0000000000
1000000000
0100000000
0010000000
0001100000
0000011100
0000000000
0000011100
0000000000
0000011100
0000000000
0000000100
0000011000
0011100000
0000000000
0000000000
0000000000
0000000000
0000000000

0000000000
0000000000
1000000000
0100000000
0010000000
0001100000
0000011100
0000000000
0000011100
0000000000
0000011100
0000000000
0000000100
0000011000
0000000000
0011100000
0000000000
0000000000
0000000000
0000000000

